35 105 110 99 108 117 100 101 32 60 115 116 100 105 111 46 104 62 
35 105 110 99 108 117 100 101 32 60 115 116 100 108 105 98 46 104 62 
35 105 110 99 108 117 100 101 32 60 117 110 105 115 116 100 46 104 62 
35 105 110 99 108 117 100 101 32 60 102 99 110 116 108 46 104 62 
35 105 110 99 108 117 100 101 32 60 115 121 115 47 115 116 97 116 46 104 62 

105 110 116 32 109 97 105 110 40 105 110 116 32 97 114 103 99 44 32 99 104 97 114 42 32 97 114 103 118 91 93 41 123 
32 32 32 32 105 102 40 97 114 103 99 32 62 32 51 41 123 
32 32 32 32 32 32 32 32 112 117 116 115 40 34 84 111 111 32 109 97 110 121 32 112 97 114 97 109 101 116 101 114 115 32 103 105 118 101 110 33 34 41 59 
32 32 32 32 32 32 32 32 101 120 105 116 40 49 41 59 
32 32 32 32 125 

32 32 32 32 105 110 116 32 105 110 70 105 108 101 44 32 111 117 116 70 105 108 101 44 32 97 115 99 59 
32 32 32 32 99 104 97 114 32 98 117 102 59 

32 32 32 32 105 110 70 105 108 101 32 61 32 111 112 101 110 40 97 114 103 118 91 49 93 44 32 79 95 82 68 79 78 76 89 41 59 
32 32 32 32 117 109 97 115 107 40 48 41 59 
32 32 32 32 111 117 116 70 105 108 101 32 61 32 111 112 101 110 40 97 114 103 118 91 50 93 44 32 79 95 82 68 87 82 32 124 32 79 95 67 82 69 65 84 44 32 48 54 54 54 41 59 

32 32 32 32 105 102 40 105 110 70 105 108 101 32 38 38 32 111 117 116 70 105 108 101 41 123 
32 32 32 32 32 32 32 32 100 117 112 50 40 111 117 116 70 105 108 101 44 32 49 41 59 
32 32 32 32 32 32 32 32 119 104 105 108 101 40 40 97 115 99 32 61 32 114 101 97 100 40 105 110 70 105 108 101 44 32 38 98 117 102 44 32 49 41 41 32 62 32 48 41 123 
32 32 32 32 32 32 32 32 32 32 32 32 105 102 40 98 117 102 32 61 61 32 49 48 41 123 
32 32 32 32 32 32 32 32 32 32 32 32 32 32 32 32 112 114 105 110 116 102 40 34 92 110 34 41 59 
32 32 32 32 32 32 32 32 32 32 32 32 125 101 108 115 101 32 105 102 40 98 117 102 32 61 61 32 39 32 39 41 123 
32 32 32 32 32 32 32 32 32 32 32 32 32 32 32 32 112 114 105 110 116 102 40 34 37 100 32 34 44 32 40 105 110 116 41 98 117 102 41 59 
32 32 32 32 32 32 32 32 32 32 32 32 125 101 108 115 101 32 105 102 40 98 117 102 32 33 61 32 39 32 39 41 123 
32 32 32 32 32 32 32 32 32 32 32 32 32 32 32 32 112 114 105 110 116 102 40 34 37 100 32 34 44 32 98 117 102 41 59 
32 32 32 32 32 32 32 32 32 32 32 32 125 
32 32 32 32 32 32 32 32 125 
32 32 32 32 125 101 108 115 101 123 
32 32 32 32 32 32 32 32 112 117 116 115 40 34 69 114 114 111 114 32 111 112 101 110 105 110 103 32 105 110 47 111 117 116 32 102 105 108 101 34 41 59 
32 32 32 32 125 

32 32 32 32 99 108 111 115 101 40 105 110 70 105 108 101 41 59 
32 32 32 32 99 108 111 115 101 40 111 117 116 70 105 108 101 41 59 
32 32 32 32 101 120 105 116 40 48 41 59 
125 
